<?xml version="1.0" standalone="no"?>
<!DOCTYPE svg PUBLIC "-//W3C//DTD SVG 20010904//EN"
 "http://www.w3.org/TR/2001/REC-SVG-20010904/DTD/svg10.dtd">
<svg version="1.0" xmlns="http://www.w3.org/2000/svg"
 width="640.000000pt" height="640.000000pt" viewBox="0 0 640.000000 640.000000"
 preserveAspectRatio="xMidYMid meet">
<metadata>
Created by potrace 1.16, written by Peter Selinger 2001-2019
</metadata>
<g transform="translate(0.000000,640.000000) scale(0.100000,-0.100000)"
fill="#000000" stroke="none">
<path d="M1855 3754 c-30 -64 -55 -118 -55 -120 0 -2 117 -4 260 -4 l259 0 58
112 c32 62 60 116 61 120 2 4 -116 8 -263 8 l-266 0 -54 -116z"/>
<path d="M2845 3785 c-22 -8 -86 -28 -142 -45 l-103 -32 0 -219 0 -219 -110 0
-109 0 -3 82 -3 81 -203 65 c-112 35 -205 63 -206 61 -6 -7 -286 -569 -286
-574 0 -3 65 -5 145 -5 l145 0 54 108 55 107 0 -107 1 -108 473 -2 472 -3 3
-103 3 -102 196 2 197 3 59 103 59 102 302 0 302 0 64 65 65 65 95 -95 95 -95
145 145 145 145 -146 146 -145 145 -114 -115 -114 -116 -390 -2 -390 -3 -81
-140 -80 -140 -3 223 -2 222 -89 0 -88 0 -54 -80 -54 -79 -52 -1 -53 0 0 265
c0 146 -3 265 -7 264 -5 0 -26 -7 -48 -14z"/>
<path d="M2328 2543 c8 -3 12 -34 12 -105 0 -84 -3 -103 -17 -114 -16 -12 -13
-13 27 -13 45 -1 45 -1 22 17 -21 16 -23 24 -20 107 l3 90 46 -90 46 -90 44
85 c42 82 44 84 47 51 2 -19 2 -65 0 -103 l-3 -68 35 0 35 0 -3 111 c-3 85 0
114 10 120 8 6 -3 9 -29 9 -42 0 -43 -1 -74 -62 l-32 -63 -31 63 -30 62 -51
-1 c-27 0 -44 -3 -37 -6z"/>
<path d="M2785 2430 l0 -120 35 0 35 0 0 120 0 120 -35 0 -35 0 0 -120z"/>
<path d="M2913 2538 c9 -7 23 -22 31 -33 15 -19 15 -19 16 13 0 29 -3 32 -32
32 -28 0 -30 -2 -15 -12z"/>
<path d="M3125 2430 l0 -120 35 0 35 0 0 57 0 58 48 3 49 3 -4 -60 -3 -61 35
0 35 0 0 120 0 120 -35 0 -35 0 3 -55 4 -55 -52 0 -52 0 4 55 3 55 -35 0 -35
0 0 -120z"/>
<path d="M3535 2430 l0 -120 35 0 35 0 0 120 0 120 -35 0 -35 0 0 -120z"/>
<path d="M3906 2448 c-21 -57 -46 -111 -54 -120 -14 -17 -12 -18 23 -18 35 0
37 1 20 13 -13 10 -16 21 -11 40 6 24 11 27 50 27 36 0 45 -4 54 -25 7 -14 12
-32 12 -40 0 -11 12 -15 40 -15 l41 0 -14 28 c-8 15 -29 69 -47 120 -27 77
-36 92 -54 92 -18 0 -28 -17 -60 -102z m64 -35 c0 -8 -14 -13 -36 -13 -25 0
-35 4 -31 13 2 6 10 29 18 51 l14 38 17 -38 c10 -22 18 -45 18 -51z"/>
<path d="M2902 2450 c-10 -17 -10 -25 3 -43 14 -21 15 -20 15 21 0 23 -1 42
-3 42 -1 0 -8 -9 -15 -20z"/>
<path d="M2950 2361 c-5 -11 -17 -27 -26 -35 -14 -15 -13 -16 15 -16 29 0 31
3 31 35 0 40 -5 43 -20 16z"/>
<path d="M3684 2350 c-10 -16 -25 -31 -33 -33 -9 -3 1 -5 22 -6 36 -1 37 0 37
34 0 43 -4 43 -26 5z"/>
</g>
</svg>
